Average Results Across Folds:

                        fold  ce_loss     mse  accuracy
hidden_size activation                                 
16          relu         2.0  15.3563  0.1536    0.8464
            silu         2.0  16.1474  0.1615    0.8385
            tanh         2.0  16.6128  0.1661    0.8339
21          relu         2.0  15.5888  0.1559    0.8441
            silu         2.0  15.2171  0.1522    0.8478
            tanh         2.0  16.7522  0.1675    0.8325
32          relu         2.0  15.7292  0.1573    0.8427
            silu         2.0  16.1009  0.1610    0.8390
            tanh         2.0  16.3334  0.1633    0.8367
64          relu         2.0  14.4723  0.1447    0.8553
            silu         2.0  15.4029  0.1540    0.8460
            tanh         2.0  16.6127  0.1661    0.8339